r##qkbnrppp#pppp##n########p#####p#####p#####b##p#pppp##rnbqkb#r
0 6 0 5 0 0.052083441818806704 0 6 0 4 0 0.052083441818806704 1 4 1 3 0 0.010414605442672805 2 6 2 5 0 0.052083441818806704 2 6 2 4 0 0.052083441818806704 3 6 3 5 0 0.052083441818806704 3 6 3 4 0 0.052083441818806704 4 6 4 5 0 0.052083441818806704 4 6 4 4 0 0.052083441818806704 4 6 5 5 0 0.052083441818806704 7 4 7 3 0 0.052083441818806704 1 7 2 5 0 0.052083441818806704 1 7 0 5 0 0.052083441818806704 2 7 1 6 0 0.052083441818806704 2 7 0 5 0 0.052083441818806704 5 7 6 6 0 0.052083441818806704 5 7 7 5 0 0.052083441818806704 7 7 7 6 0 0.052083441818806704 7 7 6 7 0 0.052083441818806704 7 7 7 5 0 0.052083441818806704 
r##qkbnrppp#pppp##n######p#p###########p########p#pppp##rnbqkb#b
0 6 0 5 0 0.054975375956380246 0 6 0 4 0 0.054975375956380246 1 3 1 2 0 0.054975375956380246 1 3 2 2 0 0.054975375956380246 2 6 2 5 0 0.054975375956380246 2 6 2 4 0 0.054975375956380246 3 6 3 5 0 0.054975375956380246 3 6 3 4 0 0.054975375956380246 4 6 4 5 0 0.054975375956380246 4 6 4 4 0 0.054975375956380246 5 6 5 5 0 0.054975375956380246 5 6 5 4 0 0.054975375956380246 7 4 7 3 0 0.054975375956380246 1 7 2 5 0 0.054975375956380246 1 7 0 5 0 0.010443232785155217 2 7 1 6 0 0.054975375956380246 2 7 0 5 0 0.054975375956380246 5 7 6 6 0 0.054975375956380246 5 7 7 5 0 0.054975375956380246 
rnbqkbnrpppp#ppp############p####p##############p#pppppprnbqkbnr
0 6 0 5 0 0.04948055802908873 0 6 0 4 0 0.04948055802908873 1 4 1 3 0 0.04948055802908873 2 6 2 5 0 0.04948055802908873 2 6 2 4 0 0.04948055802908873 3 6 3 5 0 0.010388839418224992 3 6 3 4 0 0.04948055802908873 4 6 4 5 0 0.04948055802908873 4 6 4 4 0 0.04948055802908873 5 6 5 5 0 0.04948055802908873 5 6 5 4 0 0.04948055802908873 6 6 6 5 0 0.04948055802908873 6 6 6 4 0 0.04948055802908873 7 6 7 5 0 0.04948055802908873 7 6 7 4 0 0.04948055802908873 1 7 2 5 0 0.04948055802908873 1 7 0 5 0 0.04948055802908873 6 7 7 5 0 0.04948055802908873 6 7 5 5 0 0.04948055802908873 2 7 1 6 0 0.04948055802908873 2 7 0 5 0 0.04948055802908873 
r#bqkb#rpppp#pp###n##n######p#########p#p##pp####pp#p##prn##kbnr
0 5 0 4 0 0.06184304899463308 1 6 1 5 0 0.01051121608587045 1 6 1 4 0 0.06184304899463308 2 6 2 5 0 0.06184304899463308 2 6 2 4 0 0.06184304899463308 3 5 3 4 0 0.06184304899463308 6 4 6 3 0 0.06184304899463308 7 6 7 5 0 0.06184304899463308 7 6 7 4 0 0.06184304899463308 1 7 3 6 0 0.06184304899463308 1 7 2 5 0 0.06184304899463308 6 7 7 5 0 0.06184304899463308 6 7 5 5 0 0.06184304899463308 5 7 6 6 0 0.06184304899463308 5 7 7 5 0 0.06184304899463308 0 7 0 6 0 0.06184304899463308 4 7 3 7 0 0.06184304899463308 
r#bqkb#rpppp#pp######n######p######n##p#pp#pp#####p#p##prn##kbnr
0 5 0 4 0 0.07067152789554013 1 5 1 4 0 0.07067152789554013 2 6 2 5 0 0.07067152789554013 2 6 2 4 0 0.07067152789554013 6 4 6 3 0 0.07067152789554013 7 6 7 5 0 0.01059860946243853 7 6 7 4 0 0.07067152789554013 1 7 3 6 0 0.07067152789554013 1 7 2 5 0 0.07067152789554013 6 7 7 5 0 0.07067152789554013 6 7 5 5 0 0.07067152789554013 5 7 6 6 0 0.07067152789554013 5 7 7 5 0 0.07067152789554013 0 7 0 6 0 0.07067152789554013 4 7 3 7 0 0.07067152789554013 
r#bqkbnrpppppppp##n###################p#########pppppp#prnbqkbnr
0 6 0 5 0 0.04948055802908873 0 6 0 4 0 0.04948055802908873 1 6 1 5 0 0.04948055802908873 1 6 1 4 0 0.04948055802908873 2 6 2 5 0 0.04948055802908873 2 6 2 4 0 0.04948055802908873 3 6 3 5 0 0.04948055802908873 3 6 3 4 0 0.04948055802908873 4 6 4 5 0 0.04948055802908873 4 6 4 4 0 0.04948055802908873 5 6 5 5 0 0.04948055802908873 5 6 5 4 0 0.04948055802908873 6 4 6 3 0 0.04948055802908873 7 6 7 5 0 0.04948055802908873 7 6 7 4 0 0.010388839418224992 1 7 2 5 0 0.04948055802908873 1 7 0 5 0 0.04948055802908873 6 7 7 5 0 0.04948055802908873 6 7 5 5 0 0.04948055802908873 5 7 6 6 0 0.04948055802908873 5 7 7 5 0 0.04948055802908873 
r##qkbnrppp#pppp#########p#p#######n###pn#######p#pppp##r#bqkb#b
1 3 1 2 0 0.07067152789554013 2 6 2 5 0 0.07067152789554013 2 6 2 4 0 0.07067152789554013 3 6 3 5 0 0.07067152789554013 4 6 4 5 0 0.07067152789554013 4 6 4 4 0 0.07067152789554013 5 6 5 5 0 0.07067152789554013 5 6 5 4 0 0.07067152789554013 7 4 7 3 0 0.07067152789554013 0 5 1 7 0 0.07067152789554013 0 5 2 4 0 0.07067152789554013 2 7 1 6 0 0.07067152789554013 5 7 6 6 0 0.01059860946243853 5 7 7 5 0 0.07067152789554013 0 7 1 7 0 0.07067152789554013 
r#bqkb#rppppppp###n##n#p######b#########p##p#####pp#pppprn#qkbnr
0 5 0 4 0 0.03534825202504984 1 6 1 5 0 0.03534825202504984 1 6 1 4 0 0.03534825202504984 2 6 2 5 0 0.03534825202504984 2 6 2 4 0 0.03534825202504984 3 5 3 4 0 0.03534825202504984 4 6 4 5 0 0.03534825202504984 4 6 4 4 0 0.03534825202504984 5 6 5 5 0 0.03534825202504984 5 6 5 4 0 0.03534825202504984 6 6 6 5 0 0.03534825202504984 6 6 6 4 0 0.010248943298604733 7 6 7 5 0 0.03534825202504984 7 6 7 4 0 0.03534825202504984 1 7 3 6 0 0.03534825202504984 1 7 2 5 0 0.03534825202504984 6 7 7 5 0 0.03534825202504984 6 7 5 5 0 0.03534825202504984 6 3 5 2 0 0.03534825202504984 6 3 7 2 0 0.03534825202504984 6 3 5 4 0 0.03534825202504984 6 3 7 4 0 0.03534825202504984 6 3 4 5 0 0.03534825202504984 6 3 3 6 0 0.03534825202504984 6 3 2 7 0 0.03534825202504984 0 7 0 6 0 0.03534825202504984 3 7 3 6 0 0.03534825202504984 3 7 2 7 0 0.03534825202504984 4 7 3 6 0 0.03534825202504984 
r#bqkbnrppp#pppp##n########p##########pp########pppppp##rnbqkbnr
0 6 0 5 0 0.04712545113596743 0 6 0 4 0 0.04712545113596743 1 6 1 5 0 0.04712545113596743 1 6 1 4 0 0.04712545113596743 2 6 2 5 0 0.04712545113596743 2 6 2 4 0 0.04712545113596743 3 6 3 5 0 0.04712545113596743 3 6 3 4 0 0.04712545113596743 4 6 4 5 0 0.04712545113596743 4 6 4 4 0 0.04712545113596743 5 6 5 5 0 0.04712545113596743 5 6 5 4 0 0.04712545113596743 6 4 6 3 0 0.04712545113596743 7 4 7 3 0 0.04712545113596743 1 7 2 5 0 0.04712545113596743 1 7 0 5 0 0.04712545113596743 6 7 7 5 0 0.04712545113596743 6 7 5 5 0 0.010365526144683898 5 7 6 6 0 0.04712545113596743 5 7 7 5 0 0.04712545113596743 7 7 7 6 0 0.04712545113596743 7 7 7 5 0 0.04712545113596743 
r##qkb#rppp##ppp##n##n#####ppb##p########p##ppp###ppq##prnb#kbnr
0 4 0 3 0 0.03534825202504984 1 5 1 4 0 0.03534825202504984 2 6 2 5 0 0.03534825202504984 2 6 2 4 0 0.03534825202504984 3 6 3 5 0 0.03534825202504984 3 6 3 4 0 0.03534825202504984 4 5 4 4 0 0.03534825202504984 5 5 5 4 0 0.03534825202504984 6 5 6 4 0 0.03534825202504984 7 6 7 5 0 0.03534825202504984 7 6 7 4 0 0.03534825202504984 1 7 2 5 0 0.010248943298604733 1 7 0 5 0 0.03534825202504984 6 7 7 5 0 0.03534825202504984 2 7 1 6 0 0.03534825202504984 2 7 0 5 0 0.03534825202504984 5 7 6 6 0 0.03534825202504984 5 7 7 5 0 0.03534825202504984 0 7 0 6 0 0.03534825202504984 0 7 0 5 0 0.03534825202504984 4 6 5 6 0 0.03534825202504984 4 6 3 5 0 0.03534825202504984 4 6 3 7 0 0.03534825202504984 4 6 6 6 0 0.03534825202504984 4 6 2 4 0 0.03534825202504984 4 6 1 3 0 0.03534825202504984 4 6 0 2 0 0.03534825202504984 4 7 5 6 0 0.03534825202504984 4 7 3 7 0 0.03534825202504984 
r#bqkb#rppppppp###n##n###############pp#p##p#####pp#p##prn#qkbnr
0 5 0 4 0 0.04712545113596743 1 6 1 5 0 0.04712545113596743 1 6 1 4 0 0.04712545113596743 2 6 2 5 0 0.04712545113596743 2 6 2 4 0 0.04712545113596743 3 5 3 4 0 0.04712545113596743 4 6 4 5 0 0.04712545113596743 4 6 4 4 0 0.04712545113596743 6 4 6 3 0 0.04712545113596743 7 6 7 5 0 0.04712545113596743 7 6 7 4 0 0.04712545113596743 1 7 3 6 0 0.04712545113596743 1 7 2 5 0 0.04712545113596743 6 7 7 5 0 0.04712545113596743 6 7 5 5 0 0.04712545113596743 5 7 6 6 0 0.04712545113596743 5 7 7 5 0 0.04712545113596743 0 7 0 6 0 0.04712545113596743 3 7 3 6 0 0.010365526144683898 3 7 2 7 0 0.04712545113596743 4 7 5 6 0 0.04712545113596743 4 7 3 6 0 0.04712545113596743 
r#bqkb#rpppppppp##n##n##################p##p#####pp#pppprnbqkbnr
0 5 0 4 0 0.03958836334850582 1 6 1 5 0 0.03958836334850582 1 6 1 4 0 0.03958836334850582 2 6 2 5 0 0.03958836334850582 2 6 2 4 0 0.03958836334850582 3 5 3 4 0 0.03958836334850582 4 6 4 5 0 0.03958836334850582 4 6 4 4 0 0.03958836334850582 5 6 5 5 0 0.03958836334850582 5 6 5 4 0 0.03958836334850582 6 6 6 5 0 0.03958836334850582 6 6 6 4 0 0.03958836334850582 7 6 7 5 0 0.03958836334850582 7 6 7 4 0 0.03958836334850582 1 7 3 6 0 0.03958836334850582 1 7 2 5 0 0.03958836334850582 6 7 7 5 0 0.03958836334850582 6 7 5 5 0 0.03958836334850582 2 7 3 6 0 0.03958836334850582 2 7 4 5 0 0.03958836334850582 2 7 5 4 0 0.03958836334850582 2 7 6 3 0 0.010290916287354044 2 7 7 2 0 0.03958836334850582 0 7 0 6 0 0.03958836334850582 3 7 3 6 0 0.03958836334850582 4 7 3 6 0 0.03958836334850582 
r#bqkb#rppppppp###n##n########p#######p#p##p#####pp#pp#prn#qkbnr
0 5 0 4 0 0.04712545113596743 1 6 1 5 0 0.04712545113596743 1 6 1 4 0 0.04712545113596743 2 6 2 5 0 0.04712545113596743 2 6 2 4 0 0.04712545113596743 3 5 3 4 0 0.04712545113596743 4 6 4 5 0 0.04712545113596743 4 6 4 4 0 0.04712545113596743 5 6 5 5 0 0.04712545113596743 5 6 5 4 0 0.010365526144683898 7 6 7 5 0 0.04712545113596743 7 6 7 4 0 0.04712545113596743 1 7 3 6 0 0.04712545113596743 1 7 2 5 0 0.04712545113596743 6 7 7 5 0 0.04712545113596743 6 7 5 5 0 0.04712545113596743 5 7 6 6 0 0.04712545113596743 5 7 7 5 0 0.04712545113596743 0 7 0 6 0 0.04712545113596743 3 7 3 6 0 0.04712545113596743 3 7 2 7 0 0.04712545113596743 4 7 3 6 0 0.04712545113596743 
rnbqk##rpppp#ppp#################b###pn####p####p#pnpkppr#bq#bnr
5 6 5 5 0 0.98039600078416 5 6 4 7 0 0.01960399921584003 
r##qkb#rppp##ppp##n##n#####p####p####p###pn#p#p###bpq##pr#b#kbnr
0 4 0 3 0 0.0282806005598439 1 5 1 4 0 0.0282806005598439 3 6 3 5 0 0.0282806005598439 3 6 3 4 0 0.0282806005598439 4 5 4 4 0 0.0282806005598439 4 5 5 4 0 0.0282806005598439 6 5 6 4 0 0.0282806005598439 6 5 5 4 0 0.0282806005598439 7 6 7 5 0 0.0282806005598439 7 6 7 4 0 0.0282806005598439 2 5 0 6 0 0.0282806005598439 2 5 1 7 0 0.0282806005598439 2 5 3 7 0 0.0282806005598439 2 5 4 4 0 0.0282806005598439 2 5 3 3 0 0.0282806005598439 2 5 1 3 0 0.0282806005598439 6 7 7 5 0 0.0282806005598439 6 7 5 5 0 0.0282806005598439 2 7 1 6 0 0.0282806005598439 2 7 0 5 0 0.0282806005598439 5 7 6 6 0 0.0282806005598439 5 7 7 5 0 0.0282806005598439 0 7 0 6 0 0.0282806005598439 0 7 1 7 0 0.0282806005598439 0 7 0 5 0 0.0282806005598439 4 6 5 6 0 0.0282806005598439 4 6 3 5 0 0.0282806005598439 4 6 5 5 0 0.0282806005598439 4 6 3 7 0 0.0282806005598439 4 6 6 6 0 0.0282806005598439 4 6 2 4 0 0.0282806005598439 4 6 6 4 0 0.0282806005598439 4 6 1 3 0 0.0282806005598439 4 6 7 3 0 0.0282806005598439 4 6 0 2 0 0.0282806005598439 4 7 5 6 0 0.010178980405462711 
r#bqkb#rppp##ppp##n##n#####pp###p########p##ppp###pp###prnbqkbnr
0 4 0 3 0 0.03534825202504984 1 5 1 4 0 0.03534825202504984 2 6 2 5 0 0.03534825202504984 2 6 2 4 0 0.03534825202504984 3 6 3 5 0 0.03534825202504984 3 6 3 4 0 0.03534825202504984 4 5 4 4 0 0.03534825202504984 5 5 5 4 0 0.03534825202504984 6 5 6 4 0 0.03534825202504984 7 6 7 5 0 0.03534825202504984 7 6 7 4 0 0.03534825202504984 1 7 2 5 0 0.03534825202504984 1 7 0 5 0 0.03534825202504984 6 7 7 5 0 0.03534825202504984 6 7 4 6 0 0.03534825202504984 2 7 1 6 0 0.03534825202504984 2 7 0 5 0 0.03534825202504984 5 7 4 6 0 0.03534825202504984 5 7 6 6 0 0.03534825202504984 5 7 3 5 0 0.03534825202504984 5 7 7 5 0 0.03534825202504984 5 7 2 4 0 0.03534825202504984 5 7 1 3 0 0.03534825202504984 5 7 0 2 0 0.03534825202504984 0 7 0 6 0 0.03534825202504984 0 7 0 5 0 0.03534825202504984 3 7 4 6 0 0.010248943298604733 4 7 4 6 0 0.03534825202504984 4 7 5 6 0 0.03534825202504984 
r##qkb#rppp##ppp##n##n#####pp###p########pn#ppp###bpq##pr#b#kbnr
0 4 0 3 0 0.03299247921889432 1 5 1 4 0 0.03299247921889432 3 6 3 5 0 0.03299247921889432 3 6 3 4 0 0.03299247921889432 4 5 4 4 0 0.03299247921889432 5 5 5 4 0 0.010225623433170605 6 5 6 4 0 0.03299247921889432 7 6 7 5 0 0.03299247921889432 7 6 7 4 0 0.03299247921889432 2 5 0 6 0 0.03299247921889432 2 5 1 7 0 0.03299247921889432 2 5 3 7 0 0.03299247921889432 2 5 4 4 0 0.03299247921889432 2 5 3 3 0 0.03299247921889432 2 5 1 3 0 0.03299247921889432 6 7 7 5 0 0.03299247921889432 2 7 1 6 0 0.03299247921889432 2 7 0 5 0 0.03299247921889432 5 7 6 6 0 0.03299247921889432 5 7 7 5 0 0.03299247921889432 0 7 0 6 0 0.03299247921889432 0 7 1 7 0 0.03299247921889432 0 7 0 5 0 0.03299247921889432 4 6 5 6 0 0.03299247921889432 4 6 3 5 0 0.03299247921889432 4 6 3 7 0 0.03299247921889432 4 6 6 6 0 0.03299247921889432 4 6 2 4 0 0.03299247921889432 4 6 1 3 0 0.03299247921889432 4 6 0 2 0 0.03299247921889432 4 7 5 6 0 0.03299247921889432 
rnbqkb#rpppppppp#####n#####################p####ppp#pppprnbqkbnr
0 6 0 5 0 0.010275849470222875 0 6 0 4 0 0.03806631348191451 1 6 1 5 0 0.03806631348191451 1 6 1 4 0 0.03806631348191451 2 6 2 5 0 0.03806631348191451 2 6 2 4 0 0.03806631348191451 3 5 3 4 0 0.03806631348191451 4 6 4 5 0 0.03806631348191451 4 6 4 4 0 0.03806631348191451 5 6 5 5 0 0.03806631348191451 5 6 5 4 0 0.03806631348191451 6 6 6 5 0 0.03806631348191451 6 6 6 4 0 0.03806631348191451 7 6 7 5 0 0.03806631348191451 7 6 7 4 0 0.03806631348191451 1 7 3 6 0 0.03806631348191451 1 7 2 5 0 0.03806631348191451 1 7 0 5 0 0.03806631348191451 6 7 7 5 0 0.03806631348191451 6 7 5 5 0 0.03806631348191451 2 7 3 6 0 0.03806631348191451 2 7 4 5 0 0.03806631348191451 2 7 5 4 0 0.03806631348191451 2 7 6 3 0 0.03806631348191451 2 7 7 2 0 0.03806631348191451 3 7 3 6 0 0.03806631348191451 4 7 3 6 0 0.03806631348191451 
r#bqkb#rpppp#pp###n##n######p########pp#p##p#####ppqp##prn##kbnr
0 5 0 4 0 0.03958836334850582 1 6 1 5 0 0.03958836334850582 1 6 1 4 0 0.03958836334850582 2 6 2 5 0 0.03958836334850582 2 6 2 4 0 0.03958836334850582 3 5 3 4 0 0.03958836334850582 4 6 4 5 0 0.03958836334850582 4 6 4 4 0 0.03958836334850582 6 4 6 3 0 0.03958836334850582 7 6 7 5 0 0.03958836334850582 7 6 7 4 0 0.03958836334850582 1 7 2 5 0 0.03958836334850582 6 7 7 5 0 0.03958836334850582 6 7 5 5 0 0.03958836334850582 5 7 6 6 0 0.03958836334850582 5 7 7 5 0 0.03958836334850582 0 7 0 6 0 0.03958836334850582 3 6 3 7 0 0.03958836334850582 3 6 2 5 0 0.03958836334850582 3 6 4 5 0 0.010290916287354044 3 6 2 7 0 0.03958836334850582 3 6 1 4 0 0.03958836334850582 3 6 5 4 0 0.03958836334850582 3 6 0 3 0 0.03958836334850582 4 7 5 6 0 0.03958836334850582 4 7 3 7 0 0.03958836334850582 
rnb#k##rpppp#ppp#################b###pnq###p###pp#pnp#p#r#bqkbnr
6 6 6 5 0 1.0 
rnbqk##rpppp#ppp#####n######p####b#########p####p#pnppppr#bqkbnr
0 6 0 5 0 0.05820733964174728 0 6 0 4 0 0.05820733964174728 2 6 2 5 0 0.05820733964174728 2 6 2 4 0 0.05820733964174728 3 5 3 4 0 0.05820733964174728 4 6 4 5 0 0.05820733964174728 4 6 4 4 0 0.05820733964174728 5 6 5 5 0 0.05820733964174728 5 6 5 4 0 0.01047522609029645 6 6 6 5 0 0.05820733964174728 6 6 6 4 0 0.05820733964174728 7 6 7 5 0 0.05820733964174728 7 6 7 4 0 0.05820733964174728 6 7 7 5 0 0.05820733964174728 6 7 5 5 0 0.05820733964174728 2 7 1 6 0 0.05820733964174728 2 7 0 5 0 0.05820733964174728 0 7 1 7 0 0.05820733964174728 
r##qkbnrppp#pppp#########p#p#######n###pn#######p#ppppb#r#bqk###
1 3 1 2 0 0.08244040750387395 2 6 2 5 0 0.08244040750387395 2 6 2 4 0 0.08244040750387395 3 6 3 5 0 0.08244040750387395 4 6 4 5 0 0.08244040750387395 4 6 4 4 0 0.08244040750387395 5 6 5 5 0 0.08244040750387395 5 6 5 4 0 0.08244040750387395 7 4 7 3 0 0.01071510995351291 0 5 1 7 0 0.08244040750387395 0 5 2 4 0 0.08244040750387395 2 7 1 6 0 0.08244040750387395 0 7 1 7 0 0.08244040750387395 
rnbqk##rpppp#ppp#####n###########b###p#####p####p#pnp#ppr#bqkbnr
0 6 0 5 0 0.06184304899463308 0 6 0 4 0 0.06184304899463308 2 6 2 5 0 0.06184304899463308 2 6 2 4 0 0.06184304899463308 3 5 3 4 0 0.06184304899463308 4 6 4 5 0 0.06184304899463308 4 6 4 4 0 0.06184304899463308 6 6 6 5 0 0.06184304899463308 6 6 6 4 0 0.06184304899463308 7 6 7 5 0 0.06184304899463308 7 6 7 4 0 0.06184304899463308 6 7 7 5 0 0.06184304899463308 6 7 5 5 0 0.06184304899463308 2 7 1 6 0 0.06184304899463308 2 7 0 5 0 0.06184304899463308 0 7 1 7 0 0.06184304899463308 4 7 5 6 0 0.01051121608587045 
r##qkbnr#pp#ppppp########p#####p##pn############p#ppppb#r#bqk###
0 6 0 5 0 0.07610366289775235 0 6 0 4 0 0.07610366289775235 1 3 1 2 0 0.07610366289775235 1 3 0 2 0 0.07610366289775235 2 6 2 5 0 0.010652382329219485 3 6 3 5 0 0.07610366289775235 4 6 4 5 0 0.07610366289775235 4 6 4 4 0 0.07610366289775235 5 6 5 5 0 0.07610366289775235 5 6 5 4 0 0.07610366289775235 7 3 7 2 0 0.07610366289775235 2 7 1 6 0 0.07610366289775235 2 7 0 5 0 0.07610366289775235 0 7 1 7 0 0.07610366289775235 
r#bqkb#rpppp#pp######n######p#########p#pp#pp##p##n#p###rn##kbnr
4 7 3 7 0 1.0 
rnbqk#nrpppp#ppp############p####b#########p####p#p#pppprnbqkbnr
2 6 2 5 0 0.24691418978967117 1 7 3 6 0 0.012343240841315294 1 7 2 5 0 0.24691418978967117 2 7 3 6 0 0.24691418978967117 3 7 3 6 0 0.24691418978967117 
r##qkbnrppp#pppp##n########p##########bp#####n##pppppp##rnbqkb#r
0 6 0 5 0 0.0449843485769798 0 6 0 4 0 0.0449843485769798 1 6 1 5 0 0.0449843485769798 1 6 1 4 0 0.010344331306444065 2 6 2 5 0 0.0449843485769798 2 6 2 4 0 0.0449843485769798 3 6 3 5 0 0.0449843485769798 3 6 3 4 0 0.0449843485769798 4 6 4 5 0 0.0449843485769798 4 6 4 4 0 0.0449843485769798 7 4 7 3 0 0.0449843485769798 1 7 2 5 0 0.0449843485769798 1 7 0 5 0 0.0449843485769798 5 5 6 7 0 0.0449843485769798 5 5 7 6 0 0.0449843485769798 5 5 6 3 0 0.0449843485769798 5 5 4 3 0 0.0449843485769798 5 5 3 4 0 0.0449843485769798 5 7 6 6 0 0.0449843485769798 5 7 7 5 0 0.0449843485769798 7 7 7 6 0 0.0449843485769798 7 7 6 7 0 0.0449843485769798 7 7 7 5 0 0.0449843485769798 
rnb#k##rpppp#ppp#################b###pn####p##qpp#pnp###r#bqkbnr

r##qkb#rppp##ppp##n########p####p###np###pn#p#p###bpqk#pr#b##bnr
2 5 4 4 0 0.3289482339012037 5 6 5 5 0 0.013155298296388871 5 6 6 6 0 0.3289482339012037 5 6 4 7 0 0.3289482339012037 
rnb#k##rppppqppp#################b###pn####p####p#pnp#ppr#bqkbnr
0 6 0 5 0 0.07067152789554013 0 6 0 4 0 0.07067152789554013 2 6 2 5 0 0.07067152789554013 2 6 2 4 0 0.07067152789554013 3 5 3 4 0 0.07067152789554013 4 6 4 5 0 0.07067152789554013 4 6 4 4 0 0.07067152789554013 6 6 6 5 0 0.07067152789554013 7 6 7 5 0 0.01059860946243853 7 6 7 4 0 0.07067152789554013 6 7 7 5 0 0.07067152789554013 6 7 5 5 0 0.07067152789554013 2 7 1 6 0 0.07067152789554013 2 7 0 5 0 0.07067152789554013 0 7 1 7 0 0.07067152789554013 
r#bqkb#rpppppppp##n##n##########p############p###pppp#pprnbqkbnr
0 4 0 3 0 0.0520834418188067 1 6 1 5 0 0.0520834418188067 1 6 1 4 0 0.0520834418188067 2 6 2 5 0 0.0520834418188067 2 6 2 4 0 0.0520834418188067 3 6 3 5 0 0.0520834418188067 3 6 3 4 0 0.0520834418188067 4 6 4 5 0 0.010414605442672803 4 6 4 4 0 0.0520834418188067 5 5 5 4 0 0.0520834418188067 6 6 6 5 0 0.0520834418188067 6 6 6 4 0 0.0520834418188067 7 6 7 5 0 0.0520834418188067 7 6 7 4 0 0.0520834418188067 1 7 2 5 0 0.0520834418188067 1 7 0 5 0 0.0520834418188067 6 7 7 5 0 0.0520834418188067 0 7 0 6 0 0.0520834418188067 0 7 0 5 0 0.0520834418188067 4 7 5 6 0 0.0520834418188067 
rnbqkbnrpppppppp################################pppppppprnbqkbnr
0 6 0 5 0 0.05969288044561326 0 6 0 4 0 0.05969288044561326 1 6 1 5 0 0.05969288044561326 1 6 1 4 0 0.011962525713851178 2 6 2 5 0 0.05969288044561326 2 6 2 4 0 0.05969288044561326 3 6 3 5 0 0.010489931503124264 3 6 3 4 0 0.05969288044561326 4 6 4 5 0 0.05969288044561326 4 6 4 4 0 0.05969288044561326 5 6 5 5 0 0.010985302254078226 5 6 5 4 0 0.05969288044561326 6 6 6 5 0 0.05969288044561326 6 6 6 4 0 0.011476153399134525 7 6 7 5 0 0.05969288044561326 7 6 7 4 0 0.05969288044561326 1 7 2 5 0 0.05969288044561326 1 7 0 5 0 0.05969288044561326 6 7 7 5 0 0.05969288044561326 6 7 5 5 0 0.05969288044561326 
r##qkbnr#pp#ppppp########p#p###p###n####n#######p#ppppb#r#bqk###
1 3 1 2 0 0.07610366289775235 1 3 0 2 0 0.07610366289775235 2 6 2 5 0 0.07610366289775235 2 6 2 4 0 0.07610366289775235 3 6 3 5 0 0.07610366289775235 4 6 4 5 0 0.07610366289775235 4 6 4 4 0 0.07610366289775235 5 6 5 5 0 0.07610366289775235 5 6 5 4 0 0.07610366289775235 7 3 7 2 0 0.07610366289775235 0 5 1 7 0 0.07610366289775235 0 5 2 4 0 0.010652382329219485 2 7 1 6 0 0.07610366289775235 0 7 1 7 0 0.07610366289775235 
r#bqkbnrpppppppp##n##########################p##ppppp#pprnbqkbnr
0 6 0 5 0 0.054975375956380246 0 6 0 4 0 0.010443232785155217 1 6 1 5 0 0.054975375956380246 1 6 1 4 0 0.054975375956380246 2 6 2 5 0 0.054975375956380246 2 6 2 4 0 0.054975375956380246 3 6 3 5 0 0.054975375956380246 3 6 3 4 0 0.054975375956380246 4 6 4 5 0 0.054975375956380246 4 6 4 4 0 0.054975375956380246 5 5 5 4 0 0.054975375956380246 6 6 6 5 0 0.054975375956380246 6 6 6 4 0 0.054975375956380246 7 6 7 5 0 0.054975375956380246 7 6 7 4 0 0.054975375956380246 1 7 2 5 0 0.054975375956380246 1 7 0 5 0 0.054975375956380246 6 7 7 5 0 0.054975375956380246 4 7 5 6 0 0.054975375956380246 
r#bqkb#rpppp#ppp##n#pn##########p###########pp###ppp##pprnbqkbnr
0 4 0 3 0 0.03806631348191451 1 6 1 5 0 0.010275849470222875 1 6 1 4 0 0.03806631348191451 2 6 2 5 0 0.03806631348191451 2 6 2 4 0 0.03806631348191451 3 6 3 5 0 0.03806631348191451 3 6 3 4 0 0.03806631348191451 4 5 4 4 0 0.03806631348191451 5 5 5 4 0 0.03806631348191451 6 6 6 5 0 0.03806631348191451 6 6 6 4 0 0.03806631348191451 7 6 7 5 0 0.03806631348191451 7 6 7 4 0 0.03806631348191451 1 7 2 5 0 0.03806631348191451 1 7 0 5 0 0.03806631348191451 6 7 7 5 0 0.03806631348191451 6 7 4 6 0 0.03806631348191451 5 7 4 6 0 0.03806631348191451 5 7 3 5 0 0.03806631348191451 5 7 2 4 0 0.03806631348191451 5 7 1 3 0 0.03806631348191451 5 7 0 2 0 0.03806631348191451 0 7 0 6 0 0.03806631348191451 0 7 0 5 0 0.03806631348191451 3 7 4 6 0 0.03806631348191451 4 7 4 6 0 0.03806631348191451 4 7 5 6 0 0.03806631348191451 
r#bqkb#rppp##ppp##n#pn#####p####p########p##pp####pp##pprnbqkbnr
0 4 0 3 0 0.036656966729459714 1 5 1 4 0 0.036656966729459714 2 6 2 5 0 0.036656966729459714 2 6 2 4 0 0.036656966729459714 3 6 3 5 0 0.036656966729459714 3 6 3 4 0 0.036656966729459714 4 5 4 4 0 0.036656966729459714 5 5 5 4 0 0.036656966729459714 6 6 6 5 0 0.010261898304587801 6 6 6 4 0 0.036656966729459714 7 6 7 5 0 0.036656966729459714 7 6 7 4 0 0.036656966729459714 1 7 2 5 0 0.036656966729459714 1 7 0 5 0 0.036656966729459714 6 7 7 5 0 0.036656966729459714 6 7 4 6 0 0.036656966729459714 2 7 1 6 0 0.036656966729459714 2 7 0 5 0 0.036656966729459714 5 7 4 6 0 0.036656966729459714 5 7 3 5 0 0.036656966729459714 5 7 2 4 0 0.036656966729459714 5 7 1 3 0 0.036656966729459714 5 7 0 2 0 0.036656966729459714 0 7 0 6 0 0.036656966729459714 0 7 0 5 0 0.036656966729459714 3 7 4 6 0 0.036656966729459714 4 7 4 6 0 0.036656966729459714 4 7 5 6 0 0.036656966729459714 
